Type=EA
R=100
k=-2.041070926594
A4=2.551338510081e-7
A6=-5.236513491257e-13
A8=8.295971546716e-16